T, b, u[%], output_burstiness_bound_ludb_ff, output_burstiness_bound_ff_fp, improvement[%], improvement_variable_part[%]
0.1, 0.0, 10.0, 0.41552473684210534,0.4102532051282052,1.268644498511115,1.268644498511115
0.1, 0.0, 20.0, 0.8644173333333334,0.8420526315789474,2.5872574382727924,2.5872574382727924
0.1, 0.0, 30.000000000000004, 1.3507337647058828,1.2970236486486488,3.97636584356275,3.97636584356275
0.1, 0.0, 40.0, 1.8795000000000002,1.7768888888888887,5.459489817031733,5.459489817031733
0.1, 0.0, 50.0, 2.4570314285714288,2.283482142857143,7.063372641317464,7.063372641317464
0.1, 0.0, 60.0, 3.09139331092437,2.8187647058823533,8.818955649499571,8.818955649499571
0.1, 0.0, 70.0, 3.793077615384615,3.3848446969696973,10.762577511178172,10.762577511178172
0.1, 0.0, 80.0, 4.576,3.9839999999999995,12.93706293706294,12.93706293706294
0.1, 0.0, 89.99999999999999, 5.459088246334312,4.618705645161291,15.394193375374062,15.394193375374062
0.1, 0.0, 99.99999999999999, 6.46875,5.291666666666666,18.19645732689212,18.19645732689212
0.1, 0.1, 10.0, 0.5280062939184746,0.51275,2.8894151630757285,3.564502236357435
0.1, 0.1, 20.0, 0.987551,0.9365,5.1694545395630165,5.751894820691989
0.1, 0.1, 30.000000000000004, 1.4794221918918924,1.3720000000000003,7.261091017873676,7.787477432457527
0.1, 0.1, 40.0, 2.0044120000000003,1.8200000000000003,9.200304129091224,9.683408842204313
0.1, 0.1, 50.0, 2.563305765306123,2.2812500000000004,11.003594230688202,11.450294530166484
0.1, 0.1, 60.0, 3.156901,2.7565000000000004,12.683356240819702,13.098265203878032
0.1, 0.1, 70.0, 3.785991134848486,3.2465,14.249667144824837,14.6362569824971
0.1, 0.1, 80.0, 4.451359999999999,3.752,15.711153445239201,16.072216502426816
0.1, 0.1, 89.99999999999999, 5.153816712903226,4.273750000000001,17.07601884055885,17.41390246021923
0.1, 0.1, 99.99999999999999, 5.894144999999998,4.812499999999999,18.351177312400687,18.66789664393969
0.1, 10.0, 10.0, 11.703253916666666,11.167625000000001,4.57675207665001,31.447390869055607
0.1, 10.0, 20.0, 13.516062526315789,12.371,8.471864672765093,32.5666144371901
0.1, 10.0, 30.000000000000004, 15.4430665,13.610875,11.86416894597974,33.661016267208936
0.1, 10.0, 40.0, 17.489,14.888,14.872205386242785,34.73093871010817
0.1, 10.0, 50.0, 19.6586925,16.203125,17.57780940924734,35.776762745061
0.1, 10.0, 60.0, 21.957064000000003,17.557,20.039400531874403,36.798866343778066
0.1, 10.0, 70.0, 24.389129416666666,18.950375,22.299912078657524,37.79766140936265
0.1, 10.0, 80.0, 26.959999999999997,20.384,24.391691394658746,38.773584905660364
0.1, 10.0, 89.99999999999999, 29.674879314516126,21.858625000000004,26.339633033293,39.72707628630428
0.1, 10.0, 99.99999999999999, 32.53906333333333,23.375,28.163267145878706,40.65858105017377
